Code;Département;Pop;Nbr de pers de 65 +;Nbr de pers moins de 65 ans;Part 65+ (%);Part moins 65 (%);Part des étrangers;Part des immigrés;Part class pop;Nb deces;Deces CH/10 000;Part dpt/France;Part dc covid/France;Nbr morts total (2020);Morts 2020/10000;Nb morts total 2019;Morts 2019/10 000;Ecart morts 20-19;Morts en +/ 10000;Morts de 65 ans et +;Mort 65 ans+/nbr pers 65 ans et+;Morts de moins 65 ans;Mort moins 65 ans/nbre pers moins de 65 ans;Surmortalité (%);Surmortalité (0-64 ans) (%);Surmortalité (65-74 ans) (%);Surmortalité (75-84 ans) (%°;Surmortalité (85 ans et +) (%);Surmortalité Hôpital et clinique;Surmortalité Ets personnes âgées;SurmortalitéDomicile;Test total;Nb test / 10 000;Test +;Taux de +;Taux + H;Taux + F;Sur-occupation logement (2016);Nb med gen/100 000hab(2018);Part de salaries transport public pour travailler;Tx prévalence diabete 2016;Taux stand adm ALD HTA (2009);Taux std adm ald mal circulatoire (2013);Tx adm std ALD mal respiratoire (2013);Taux obésité;Taux d'équipement en lits médicalisés pour personnes âgées;Taux d'équipement en accueil permanent - Ensemble des établissements d'hébergement permanent;Nombre de lits d'hopital (medecine secteur public);Nbr de lits /100000 hab;nb_tests_cum_2020-04-22;nb_pos_cum_2020-04-22;part_pos_2020-04-22
01;Ain;  659180;120352; 538828;18;82;8,6;11,6;52,1;  44;0,67;1,0; 0,5; 525; 8,0; 470; 7,1;  55; 0,8; 472; 3,9; 53;0,098; 11,7; 18; 66;  7;  3;3%;18%;-1%;1153;17;229;19,90%;22,60%;18,70%; 4,7;105; 6,0; 4,4;159,6;689,3; 58,8;NA;122;147; 544; 83; 2410; 420;17,4
02;Aisne;  546527;112091; 434436;21;79;3;4,3;61,1; 147;2,69;0,8; 1,5; 792;14,5; 573;10,5; 219; 4,0; 688; 6,1;104;0,239; 38,2;  7; 42; 37; 50;56%;67%;13%;922;17;293;31,80%;30,80%;32,30%; 4,5;110; 5,6; 6,3;241,9;671,1; 50,4;NA;115;121;1074;197; 1496; 377;25,2
03;Allier;  347035; 94086; 252949;28;72;3,1;4,8;58,1;  13;0,37;0,5; 0,1; 452;13,0; 516;14,9; -64;-1,8; 401; 4,3; 51;0,202;-12,4;-16;-13; -7;-13;-17%;-8%;-12%;67; 2;5;7,50%;4%;9,50%; 4,2;145; 3,3; 5,2;284,9;730,9; 76,6;NA;118;126; 743;214;  136;   5; 3,7
04;Alpes-de-Haute-Provence;  168381; 44169; 124212;27;73;5;7,5;50,9;   5;0,30;0,2; 0,1; 194;11,5; 215;12,8; -21;-1,2; 173; 3,9; 21;0,169; -9,8;  5;-19; -7;-11;-3%;-13%;-15%;450;27;33;7,30%;6%;8,20%; 6,1;185; 3,2; 4,3;382,1;777,7;115,2;NA;105;119; 283;168;  786;  50; 6,4
05;Hautes-Alpes;  145883; 35775; 110108;25;75;3,5;5,5;51,7;   3;0,21;0,2; 0,0; 138; 9,5; 146;10,0;  -8;-0,5; 119; 3,3; 19;0,173; -5,5; 46; -6;-29; -3;-16%;47%;19%;83; 6;2;2,40%;4,50%;1,60%; 5,5;246; 4,5; 3,9;358,2;731,3;130,2;NA;100;109; 246;169;  264;   4; 1,5
06;Alpes-Maritimes; 1097496;269523; 827973;25;75;10,4;14,2;48,6;  75;0,68;1,6; 0,8;1384;12,6;1293;11,8;  91; 0,8;1250; 4,6;134;0,162;  7,0;-15;  6; 20;  7;-6%;10%;22%;3155;29;243;7,70%;10,40%;6,40%;19,5;186;13,7; 4,6;378,9;689,2; 89,5;NA; 88;101;1428;130; 4647; 267; 5,7
07;Ardèche;  334688; 83451; 251237;26;74;3,4;5;53,8;  43;1,28;0,5; 0,4; 445;13,3; 361;10,8;  84; 2,5; 409; 4,9; 36;0,143; 23,3;  9; 45; 41; 15;4%;26%;62%;402;12;101;25,10%;29,90%;22,90%; 3,6;128; 2,5; 4,6;338,8;709,5; 77,7;NA;158;176; 518;155;  580; 134;23,1
08;Ardennes;  280032; 60229; 219803;23;77;3,9;5,7;60,8;  17;0,61;0,4; 0,2; 270; 9,6; 269; 9,6;   1; 0,0; 227; 3,8; 43;0,196;  0,4;  8;-30; -2; 13;-1%;26%;-9%;372;13;51;13,70%;13,80%;13,70%; 3,2;135; 3,4; 6,0;Nd;756,9;101,3;NA; 96;113; 509;182;  719;  78;10,8
09;Ariège;  157210; 41132; 116078;27;73;5;8,2;54,6;   1;0,06;0,2; 0,0; 157;10,0; 184;11,7; -27;-1,7; 140; 3,4; 17;0,146;-14,7;-19; -5;  0;-19;-15%;-9%;-33%;115; 7;5;4,30%;3%;4,90%; 3,9;174; 2,6; 4,7;204,9;620,5; 85,7;NA;111;115; 227;144;  263;   7; 2,7
10;Aube;  317118; 68299; 248819;22;78;5,3;7,6;57,9;  62;1,96;0,5; 0,6; 353;11,1; 337;10,6;  16; 0,5; 311; 4,6; 42;0,169;  4,7;-13;  4; 16;  5;4%;11%;7%;1165;37;240;20,60%;19,40%;21,20%; 6,9;120; 5,2; 5,5;Nd;588,5; 40,6;NA;120;133; 415;131; 1789; 334;18,7
11;Aude;  379094;100437; 278657;27;73;5,8;8,9;54,3;  40;1,06;0,6; 0,4; 456;12,0; 423;11,2;  33; 0,9; 413; 4,1; 43;0,154;  7,8; 39; 15; 37; -7;15%;-11%;11%;597;16;91;15,20%;19,80%;12,80%; 4,9;155; 2,8; 5,1;163,9;708,7; 69,1;NA; 96;103; 578;152;  973; 115;11,8
12;Aveyron;  289488; 78114; 211374;28;72;3,3;5;51,5;  19;0,66;0,4; 0,2; 362;12,5; 336;11,6;  26; 0,9; 332; 4,3; 30;0,142;  7,7;-14; -9; 63;  0;-12%;-17%;-8%;20; 1;3;15%;0%;15,80%; 3,9;148; 2,0; 3,9;265,6;803,4; 93,6;NA;143;152; 438;151;   25;   3;12,0
13;Bouches-du-Rhône; 2048504;426955;1621549;21;79;6,8;10,7;47,8; 182;0,89;3,0; 1,9;1682; 8,2;1973; 9,6;-291;-1,4;1470; 3,4;212;0,131; 17,7;-23;-31;-13; -8;-30%;11%;-6%;11556;56;1 557;13,50%;15%;12,60%;13,0;183;15,5; 5,5;470,1;769,9;107,5;17; 84;100;2523;123;19653;1953; 9,9
14;Calvados;  708344;156016; 552328;23;77;2,3;3,5;54,0;  36;0,51;1,0; 0,4; 808;11,4; 799;11,3;   9; 0,1; 696; 4,5;112;0,203;  1,1;-25; 19;  2;  5;-3%;10%;-4%;949;13;122;12,90%;12,30%;13,10%; 7,5;168; 6,0; 4,4;214,4;775,0; 80,3;NA;116;146;1233;174; 1341; 155;11,6
15;Cantal;  150185; 41754; 108431;29;71;1,5;2,2;55,0;   0;0,00;0,2; 0,0; 184;12,3; 212;14,1; -28;-1,9; 161; 3,9; 23;0,212;-13,2;  0;-23;-24; -9;-11%;-34%;0%;37; 2;5;13,50%;7,70%;16,70%; 3,2;168; 1,6; 4,3;208,4;855,7;116,3;NA;153;157; 370;246;   37;   5;13,5
16;Charente;  361539; 90689; 270850;26;74;4,3;5,5;56,5;   8;0,22;0,5; 0,1; 453;12,5; 477;13,2; -24;-0,7; 407; 4,5; 46;0,170; -5,0;-19;-14; -2; -1;3%;25%;-19%;179; 5;15;8,40%;14%;5,70%; 3,6;138; 3,3; 4,5;175,1;646,0; 54,4;19;125;142; 510;141;  347;  20; 5,8
17;Charente-Maritime;  659968;184765; 475203;29;71;2,3;3,5;54,9;  23;0,35;1,0; 0,2; 769;11,7; 773;11,7;  -4;-0,1; 682; 3,7; 87;0,183; -0,5;-10; -1;-19; 10;-9%;18%;7%;1341;20;76;5,70%;6,40%;5,40%; 5,2;170; 3,6; 4,2;245;694,5; 53,6;NA;106;122;1097;166; 3739; 136; 3,6
18;Cher;  311456; 78895; 232561;27;73;3,5;5,3;57,6;  35;1,12;0,5; 0,4; 404;13,0; 382;12,3;  22; 0,7; 357; 4,5; 47;0,202;  5,8; -8;  0; 19;  5;26%;18%;-2%;593;19;164;27,70%;29,50%;27%; 4,4;109; 3,7; 5,3;267,9;685,1; 40,8;NA;120;136; 486;156; 1007; 231;22,9
19;Corrèze;  249135; 67247; 181888;28;72;4;5,9;55,3;  14;0,56;0,4; 0,1; 339;13,6; 349;14,0; -10;-0,4; 303; 4,5; 36;0,198; -2,9; 13; 17;  5;-11;14%;-11%;-1%;108; 4;13;12%;16,20%;9,90%; 3,7;149; 2,2; 4,7;266,8;735,4; 61,2;NA;116;126; 567;228;  128;  14;10,9
21;Côte-d'Or;  545798;114945; 430853;22;78;4,8;7;51,4; 119;2,18;0,8; 1,2; 712;13,0; 546;10,0; 166; 3,0; 627; 5,5; 85;0,197; 30,4; 18;  8; 28; 43;25%;41%;33%;342; 6;69;20,20%;19,20%;20,60%; 8,7;163;12,4; 4,8;308,3;678,1; 59,8;NA;126;136;1061;194;  567;  84;14,8
22;Côtes-d'Armor;  617107;159629; 457478;27;73;2,5;3,2;54,9;  20;0,32;0,9; 0,2; 768;12,4; 746;12,1;  22; 0,4; 677; 4,2; 91;0,199;  2,9; -1; -4;  1;  7;-8%;1%;9%;28; 0;0;0%;0%;0%; 3,4;143; 2,6; 3,4;158,1;775,5; 69,4;17;128;140;1072;174;   51;   1; 2,0
23;Creuse;  122133; 35893;  86240;31;69;3,7;4,7;54,4;   4;0,33;0,2; 0,0; 203;16,6; 190;15,6;  13; 1,1; 182; 5,1; 21;0,244;  6,8; 24;  0; -6; 10;1%;5%;25%;9; 1;5;55,60%;50%;57,10%; 3,1;137; 1,6; 5,1;265,3;725,4; 66,9;NA;151;149; 256;210;   13;   6;46,2
24;Dordogne;  424095;122069; 302026;30;70;5;6,4;56,5;   1;0,02;0,6; 0,0; 475;11,2; 535;12,6; -60;-1,4; 428; 3,5; 47;0,156;-11,2;-35; -9; 18;-16;-14%;13%;-3%;334; 8;23;6,90%;8,60%;6,10%; 3,6;135; 2,2; 4,5;200,5;759,6; 50,0;NA;108;122; 577;136;  503;  24; 4,8
25;Doubs;  552643;109537; 443106;20;80;5,4;8,2;54,8;  72;1,30;0,8; 0,8; 694;12,6; 491; 8,9; 203; 3,7; 605; 5,5; 89;0,201; 41,3;  3; 46; 33; 58;24%;79%;24%;479; 9;127;26,50%;27,50%;26,10%; 6,5;166; 7,7; 4,8;239,2;687,6; 54,9;NA; 76; 95; 851;154; 1082; 193;17,8
26;Drôme;  524574;117134; 407440;23;77;4,8;7,4;51,5;  80;1,53;0,8; 0,8; 600;11,4; 521; 9,9;  79; 1,5; 526; 4,5; 74;0,182; 15,2;  4;  4; 26; 17;11%;56%;19%;479; 9;93;19,40%;22,80%;17,40%; 4,8;149; 4,7; 4,8;345,9;760,8; 74,8;NA; 97;116; 849;162;  713; 107;15,0
27;Eure;  614926;120849; 494077;20;80;3,4;4,9;56,6;  35;0,57;0,9; 0,4; 495; 8,0; 441; 7,2;  54; 0,9; 423; 3,5; 72;0,146; 12,2; 38; 16; 32;  0;17%;21%;24%;1412;23;297;21%;21,10%;21%; 5,4; 96; 6,4; 5,1;284,8;669,2; 81,1;NA; 98;138; 587; 95; 2865; 471;16,4
28;Eure-et-Loir;  443538; 92015; 351523;21;79;4,7;6,9;54,9;  42;0,95;0,7; 0,4; 491;11,1; 411; 9,3;  80; 1,8; 437; 4,7; 54;0,154; 19,5; -7; 25; 29; 21;11%;33%;1%;1433;32;486;33,90%;38,90%;31,80%; 5,5;106;10,8; 5,2;382,1;698,0; 79,9;NA;106;118; 809;182; 2192; 586;26,7
29;Finistère;  933992;214549; 719443;24;76;2,1;2,9;53,0;  16;0,17;1,4; 0,2;1102;11,8;1050;11,2;  52; 0,6; 942; 4,4;160;0,222;  5,0; 30;  6;-11;  6;-2%;10%;12%;19; 0;7;36,80%;14,30%;50%; 4,0;171; 5,3; 3,3;171,4;714,9; 66,4;NA;126;130;1661;178;   24;   8;33,3
2A;Corse-du-Sud;  159768; 39898; 119870;25;75;8,8;9,9;54,7;  35;2,19;0,2; 0,4; 108; 6,8; 146; 9,1;  43; 2,7; 173; 4,3; 16;0,133; 29,5;-41;-26; 65; 61;35%;#NUM !;24%;-;NA;0;0%;0%;0%; 8,4;159; 2,9; 4,2;497,8;877,7;116,9;NA; 56; 65; 199;125;    0;   0;NA
2B;Haute-Corse;  180465; 43605; 136860;24;76;9,3;10,3;55,2;   3;0,17;0,3; 0,0; 155; 8,6; 176; 9,8; -21;-1,2; 133; 3,1; 22;0,161;-11,9;-21; 20;-23;-11;-3%;-20%;-28%;-;NA;0;0%;0%;0%; 8,6;152; 2,6; 4,6;437,6;943,9;141,2;NA; 55; 56; 217;120;    0;   0;NA
30;Gard;  757764;176975; 580789;24;76;5,6;8,8;51,6;  27;0,36;1,1; 0,3; 776;10,2; 703; 9,3;  73; 1,0; 674; 3,8;102;0,176; 10,4; 10;  6;  5; 14;3%;23%;9%;96; 1;5;5,20%;0%;8,10%; 6,7;150; 4,5; 5,0;308,9;738,2; 82,9;18; 85;101; 903;119;  155;   6; 3,9
31;Haute-Garonne; 1385122;235914;1149208;17;83;6,5;9,9;41,1;  28;0,20;2,0; 0,3;1114; 8,0;1148; 8,3; -34;-0,2; 934; 4,0;180;0,157; -3,0;  4;-10;  8; -7;-5%;-7%;4%;245; 2;15;6,10%;2,70%;7,60%;10,8;179;13,9; 4,4;230,6;634,3; 60,2;13;100;113;1573;114;  554;  21; 3,8
32;Gers;  197953; 54096; 143857;28;72;5;7;50,2;   9;0,45;0,3; 0,1; 234;11,8; 246;12,4; -12;-0,6; 218; 4,0; 16;0,111; -4,9;-24;-47;-10; 10;22%;14%;-44%;472;24;64;13,60%;15,70%;13%; 3,2;150; 1,8; 4,1;223,2;706,7; 55,0;NA;116;120; 322;163;  754; 106;14,1
33;Gironde; 1607545;318481;1289064;19;81;5,4;7,2;48,2;  69;0,43;2,4; 0,7;1519; 9,4;1556; 9,7; -37;-0,2;1290; 4,1;229;0,178; -2,4; -6;  7; -2; -4;0%;-15%;-4%;3062;19;287;9,40%;12%;8,20%; 9,3;182;12,1; 4,6;268,2;669,8; 68,9;13; 98;130;2140;133; 4451; 333; 7,5
34;Hérault; 1162867;259013; 903854;22;78;6,7;9,8;47,1;  76;0,65;1,7; 0,8;1350;11,6;1214;10,4; 136; 1,2;1189; 4,6;161;0,178; 11,2; -5; 12;  3; 19;2%;24%;23%;365; 3;26;7,10%;5,50%;8%;11,9;186; 9,7; 4,8;252;626,9; 75,9;NA; 92;103;1615;139;  585;  35; 6,0
35;Ille-et-Vilaine; 1084554;199325; 885229;18;82;3,3;4,3;49,1;  40;0,37;1,6; 0,4; 968; 8,9; 925; 8,5;  43; 0,4; 833; 4,2;135;0,153;  4,6;-22; 34;  6;  7;4%;27%;3%;54; 0;7;13%;15,40%;12,20%; 6,8;158;10,8; 3,2;254,9;712,9; 75,9;14;129;144;1537;142;  199;   8; 4,0
36;Indre;  227999; 62693; 165306;29;71;2,9;4,3;60,2;  38;1,67;0,3; 0,4; 341;15,0; 311;13,6;  30; 1,3; 313; 5,0; 28;0,169;  9,6; -7;-20; 38; 11;3%;33%;35%;724;32;194;26,80%;25,30%;27,40%; 3,4;123; 2,9; 5,3;245,2;715,9; 76,1;NA;116;117; 373;164; 1296; 294;22,7
37;Indre-et-Loire;  618820;134833; 483987;22;78;4,2;6,1;51,1;  36;0,58;0,9; 0,4; 678;11,0; 630;10,2;  48; 0,8; 572; 4,2;106;0,219;  7,6; 15; -5; -5; 15;3%;-1%;30%;597;10;78;13,10%;15,40%;11,90%; 7,8;162; 9,3; 4,5;278,6;645,7; 67,0;17;103;124; 979;158; 1278;  86; 6,7
38;Isère; 1283384;240632;1042752;19;81;6,1;9,6;46,7;  48;0,37;1,9; 0,5; 986; 7,7; 996; 7,8; -10;-0,1; 866; 3,6;120;0,115; -1,0; -8;-24; 12;  2;-6%;16%;8%;1207; 9;112;9,30%;11,30%;8,50%; 7,4;161;12,3; 4,9;304,8;681,9; 60,0;NA; 84;110;1626;127; 1422; 134; 9,4
39;Jura;  269344; 62893; 206451;24;76;4;5,8;57,0;  28;1,04;0,4; 0,3; 298;11,1; 272;10,1;  26; 1,0; 278; 4,4; 20;0,097;  9,6;-39; 45;  5; 15;5%;7%;33%;232; 9;53;22,80%;20%;23,80%; 3,9;145; 2,7; 4,5;123,6;656,5; 60,6;NA;104;135; 481;179;  638;  95;14,9
40;Landes;  419709;106921; 312788;26;74;3,3;4,9;56,7;  10;0,24;0,6; 0,1; 413; 9,8; 405; 9,6;   8; 0,2; 364; 3,4; 49;0,157;  2,0; 11; -7;-26; 15;35%;-21%;7%;257; 6;17;6,60%;9,40%;5,70%; 3,4;160; 2,1; 4,5;233,7;865,6; 89,0;NA;102;109; 446;106;  311;  19; 6,1
41;Loir-et-Cher;  340499; 83178; 257321;25;75;4,7;6;57,4;  22;0,65;0,5; 0,2; 424;12,5; 380;11,2;  44; 1,3; 375; 4,5; 49;0,190; 11,6;  0;  4;  9; 17;36%;-4%;2%;203; 6;37;18,20%;24,60%;15,50%; 4,5;122; 4,0; 5,1;211,6;627,7; 62,0;NA;122;131; 470;138;  261;  37;14,2
42;Loire;  777328;174274; 603054;23;77;6,2;8,4;54,4; 110;1,42;1,1; 1,1; 990;12,7; 888;11,4; 102; 1,3; 895; 5,1; 95;0,158; 11,5;-20; 17; 28; 12;7%;35%;-8%;71; 1;11;15,50%;31,60%;9,60%; 5,5;161; 8,5; 5,1;245,5;725,3; 41,5;NA;127;148;1371;176;  110;  14;12,7
43;Haute-Loire;  234190; 56553; 177637;25;75;2,4;3,4;55,3;   6;0,26;0,3; 0,1; 238;10,2; 248;10,6; -10;-0,4; 210; 3,7; 28;0,158; -4,0; 40;-18;-19; -1;-21%;5%;-17%;121; 5;9;7,40%;5,10%;8,50%; 2,8;142; 2,0; 4,5;327,2;792,4; 93,3;NA;148;153; 323;138;  134;  11; 8,2
44;Loire-Atlantique; 1423152;267345;1155807;19;81;3,2;4,5;47,6;  71;0,50;2,1; 0,7;1345; 9,5;1287; 9,0;  58; 0,4;1143; 4,3;202;0,175;  4,5;  1; -3; -1; 11;-1%;-2%;21%;304; 2;38;12,50%;15,90%;11,30%; 7,2;166;12,2; 3,7;198,1;750,4; 73,6;14;135;149;1547;109;  362;  38;10,5
45;Loiret;  692540;139645; 552895;20;80;6,9;9,6;53,1;  41;0,59;1,0; 0,4; 682; 9,8; 654; 9,4;  28; 0,4; 595; 4,3; 87;0,157;  4,3;-11;  8; 16;  3;0%;-18%;-1%;1703;25;293;17,20%;17,80%;16,90%; 7,5;110; 9,6; 5,5;365;658,2; 70,7;18;109;122;1040;150; 1871; 302;16,1
46;Lot;  179556; 53187; 126369;31;69;4,8;6,7;51,9;   2;0,11;0,3; 0,0; 220;12,3; 239;13,3; -19;-1,1; 194; 3,6; 26;0,206; -7,9;-28; 36;  2;-14;1%;-34%;5%;61; 3;10;16,40%;14,30%;17,50%; 4,5;159; 2,2; 4,2;253,5;630,1; 50,3;NA; 99;128; 299;167;   63;  10;15,9
47;Lot-et-Garonne;  341270; 88607; 252663;27;73;6,5;9,3;56,4;   4;0,12;0,5; 0,0; 413;12,1; 416;12,2;  -3;-0,1; 374; 4,2; 39;0,154; -0,7;-22; -4; 19; -2;19%;-40%;17%;250; 7;10;4%;6%;3%; 4,5;130; 2,2; 4,5;243,1;693,2; 69,7;NA; 98;113; 529;155;  384;  13; 3,4
48;Lozère;   80240; 20031;  60209;26;74;3,8;4,8;50,2;   0;0,00;0,1; 0,0;  91;11,3;  91;11,3;   0; 0,0;  83; 4,1;  8;0,133;  0,0;-33; 13;  0;  6;10%;-10%;0%;1; 0;1;100%;100%;0%; 5,1;141; 1,6; 4,0;253,5;609,4; 84,1;NA;181;197; 151;188;    3;   1;33,3
49;Maine-et-Loire;  833154;173153; 660001;21;79;2,9;4;55,3;  54;0,65;1,2; 0,6; 846;10,2; 759; 9,1;  87; 1,0; 715; 4,1;131;0,198; 11,5; 20;-13; 17; 15;13%;-16%;35%;55; 1;6;10,90%;4,80%;14,70%; 6,3;155; 5,9; 4,2;190;595,4; 38,9;NA;133;173;1207;145;   86;  12;14,0
50;Manche;  512923;127010; 385913;26;74;1,7;2,3;56,8;  21;0,41;0,8; 0,2; 609;11,9; 564;11,0;  45; 0,9; 538; 4,2; 71;0,184;  8,0;-10;  9; 31;  5;12%;13%;25%;767;15;81;10,60%;10,80%;10,40%; 3,2;138; 3,0; 3,9;188,2;732,8; 77,2;NA;102;123; 930;181; 1255; 114; 9,1
51;Marne;  580671;113149; 467522;20;80;4,4;6,3;54,8; 139;2,39;0,9; 1,5; 742;12,8; 553; 9,5; 189; 3,3; 631; 5,6;111;0,237; 34,2;  3; 37; 39; 45;33%;20%;50%;1027;18;257;25%;23,90%;25,50%; 7,3;152; 8,3; 5,6;Nd;649,5; 47,9;NA;108;146;1008;174; 1631; 345;21,2
52;Haute-Marne;  180753; 43460; 137293;26;74;2,5;3,8;62,2;  42;2,32;0,3; 0,4; 261;14,4; 209;11,6;  52; 2,9; 243; 5,6; 18;0,131; 24,9;-36; 10;  7; 53;19%;33%;49%;107; 6;29;27,10%;30,80%;25,90%; 3,2;152; 2,5; 5,4;Nd;754,5; 89,8;NA; 97;112; 325;180;  139;  36;25,9
53;Mayenne;  316750; 70214; 246536;23;77;2,5;3,3;57,5;  19;0,60;0,5; 0,2; 338;10,7; 297; 9,4;  41; 1,3; 311; 4,4; 27;0,110; 13,8;  0; 32;  0; 18;11%;-8%;26%;23; 1;3;13%;0%;16,70%; 3,8;114; 2,7; 3,5;181,8;638,0; 50,9;NA;141;155; 479;151;  212;   8; 3,8
54;Meurthe-et-Moselle;  745300;146492; 598808;20;80;5,9;8,5;53,5; 179;2,40;1,1; 1,9; 914;12,3; 734; 9,8; 180; 2,4; 781; 5,3;133;0,222; 24,5;  2; 41; 32; 25;17%;0%;50%;962;13;138;14,30%;19,60%;12,10%; 8,1;176;10,9; 5,5;Nd;701,5; 65,5;23; 97;132;1195;160; 1743; 177;10,2
55;Meuse;  192588; 42833; 149755;24;76;3,2;4,6;60,9;  49;2,54;0,3; 0,5; 280;14,5; 234;12,2;  46; 2,4; 260; 6,1; 20;0,134; 19,7;-20;  6; 16; 35;10%;109%;-16%;229;12;38;16,60%;16,40%;16,70%; 3,0;135; 2,7; 5,2;Nd;735,0; 66,7;NA;115;123; 395;205;  516;  68;13,2
56;Morbihan;  771911;190740; 581171;25;75;2,3;3;54,7;  60;0,78;1,1; 0,6; 981;12,7; 873;11,3; 108; 1,4; 874; 4,6;107;0,184; 12,4;  4; 24;-13; 24;4%;-5%;18%;17; 0;2;11,80%;33,30%;7,10%; 4,3;160; 3,6; 3,5;214,9;794,1; 76,2;NA;104;128;1281;166;   31;   3; 9,7
57;Moselle; 1062217;212467; 849750;21;79;7,1;10,6;57,4; 497;4,68;1,6; 5,2;1723;16,2;1075;10,1; 648; 6,1;1530; 7,2;193;0,227; 60,3; 38; 59; 58; 68;83%;56%;18%;1779;17;460;25,90%;26,50%;25,60%; 5,3;132; 6,5; 5,8;Nd;774,6; 83,7;NA; 92;114;1452;137; 3323; 632;19,0
58;Nièvre;  212742; 60589; 152153;30;70;3,6;4,9;57,7;   8;0,38;0,3; 0,1; 309;14,5; 290;13,6;  19; 0,9; 271; 4,5; 38;0,250;  6,6; 31;  4;  5;  3;26%;-2%;6%;566;27;94;16,60%;13,70%;18%; 4,4;122; 3,2; 5,7;302,8;665,8; 51,0;NA;129;135; 478;225; 1148; 143;12,5
59;Nord; 2635255;453093;2182162;18;82;5;6,7;53,2; 274;1,04;3,9; 2,9;2744;10,4;2377; 9,0; 367; 1,4;2299; 5,1;445;0,204; 15,4; -5; 17; 13; 25;11%;27%;27%;1121; 4;223;19,90%;21,40%;19,10%; 7,6;166;12,5; 6,3;205;721,0; 73,4;26;104;129;4513;171; 1969; 358;18,2
60;Oise;  841948;146180; 695768;18;82;5,7;8;54,2; 221;2,62;1,2; 2,3; 975;11,6; 635; 7,5; 340; 4,0; 855; 5,8;120;0,172; 53,5; 11; 83; 53; 61;66%;52%;8%;2291;27;821;35,80%;39,80%;33,70%; 7,8;113;11,1; 5,7;319,3;743,3; 88,6;NA;117;158;1095;130; 3655;1051;28,8
61;Orne;  291557; 74459; 217098;27;73;2,9;3,9;60,1;  19;0,65;0,4; 0,2; 349;12,0; 342;11,7;   7; 0,2; 312; 4,2; 37;0,170;  2,0; -8; 10;  9;  0;14%;7%;-26%;450;15;44;9,80%;11%;9%; 4,0;135; 2,4; 4,6;201,9;709,0; 54,4;NA;133;158; 632;217;  681;  62; 9,1
62;Pas-de-Calais; 1489983;282421;1207562;19;81;1,8;2,5;60,2; 105;0,70;2,2; 1,1;1552;10,4;1504;10,1;  48; 0,3;1319; 4,7;233;0,193;  3,2; -6;  9; 20; -3;-1%;30%;2%;1111; 7;229;20,60%;19,80%;21%; 4,3;136; 5,1; 6,3;371;776,1;101,0;NA; 91;113;1772;119; 2177; 392;18,0
63;Puy-de-Dôme;  668301;147432; 520869;22;78;4,7;6,9;51,6;  18;0,27;1,0; 0,2; 677;10,1; 712;10,7; -35;-0,5; 600; 4,1; 77;0,148; -4,9;-29; -6; -1;  1;-20%;17%;-2%;21; 0;1;4,80%;16,70%;0%; 6,8;158; 7,6; 4,7;235,7;747,4; 81,8;NA;124;134;1029;154;   27;   1; 3,7
64;Pyrénées-Atlantiques;  695965;167972; 527993;25;75;5,1;7,3;50,0;  19;0,27;1,0; 0,2; 754;10,8; 796;11,4; -42;-0,6; 649; 3,9;105;0,199; -5,3; 24; -1; -7;-11;-2%;22%;4%;438; 6;59;13,50%;14,70%;12,90%; 6,1;189; 4,2; 4,0;176,8;664,3; 63,0;13; 99;109; 823;118;  539;  62;11,5
65;Hautes-Pyrénées;  234591; 63093; 171498;28;72;4;6,5;55,1;  10;0,43;0,3; 0,1; 284;12,1; 294;12,5; -10;-0,4; 253; 4,0; 31;0,181; -3,4;  0; -3; -5; -4;-12%;0%;-4%;218; 9;30;13,80%;20,90%;10,60%; 4,3;199; 2,0; 4,4;220,2;725,5; 63,0;NA;101;109; 382;163;  422;  66;15,6
66;Pyrénées-Orientales;  482368;128707; 353661;27;73;6,2;10,3;54,3;  22;0,46;0,7; 0,2; 617;12,8; 650;13,5; -33;-0,7; 529; 4,1; 88;0,249; -5,1;  0;-13; -1; -6;-14%;15%;-7%;57; 1;5;8,80%;0%;13,90%; 6,8;177; 3,9; 4,8;180;813,1; 95,9;NA; 74; 86; 472; 98;   72;   5; 6,9
67;Bas-Rhin; 1141511;216981; 924530;19;81;7,8;10,8;52,3; 357;3,13;1,7; 3,7;1645;14,4;1056; 9,3; 589; 5,2;1461; 6,7;184;0,199; 55,8; 20; 60; 70; 59;49%;98%;49%;1111;10;310;27,90%;30%;27%; 8,9;174;14,2; 5,8;689,1;897,7;134,9;NA;101;127;1700;149; 1787; 442;24,7
68;Haut-Rhin;  777917;155947; 621970;20;80;8,7;11,8;56,0; 595;7,65;1,1; 6,2;1745;22,4; 718; 9,2;1027;13,2;1606;10,3;139;0,223;143,0; 51;125;182;154;118%;295%;113%;2259;29;754;33,40%;33,80%;33,10%; 6,0;139; 7,8; 5,5;537,7;754,9; 50,3;NA;102;134;1196;154; 3180; 905;28,5
69;Rhône; 1869599;326001;1543598;17;83;8,4;12,4;42,9; 320;1,71;2,8; 3,3;1981;10,6;1557; 8,3; 424; 2,3;1745; 5,4;236;0,153; 27,2;  0; 18; 16; 45;21%;57%;29%;812; 4;175;21,60%;22,80%;20,90%;12,4;175;25,2; 5,1;205,9;647,6; 64,0;12; 92;129;2916;156; 1630; 279;17,1
70;Haute-Saône;  243264; 56005; 187259;24;76;2,9;4,5;58,0;  50;2,06;0,4; 0,5; 307;12,6; 232; 9,5;  75; 3,1; 276; 4,9; 31;0,166; 32,3;  7; 46; 52; 28;29%;-31%;43%;627;26;163;26%;30,20%;23,60%; 3,2;145; 3,2; 5,2;238,8;801,9; 73,3;NA; 90;111; 341;140; 1052; 241;22,9
71;Saône-et-Loire;  569531;145862; 423669;27;73;4,6;6,7;57,2;  92;1,62;0,8; 1,0; 768;13,5; 692;12,2;  76; 1,3; 698; 4,8; 70;0,165; 11,0; -9; 13;  2; 18;3%;15%;13%;1124;20;152;13,50%;14,60%;13%; 4,3;129; 3,4; 5,1;249,5;610,7; 56,8;NA;117;150;1041;183; 1948; 225;11,6
72;Sarthe;  579650;127978; 451672;23;77;2,8;3,9;58,0;  27;0,47;0,9; 0,3; 654;11,3; 584;10,1;  70; 1,2; 559; 4,4; 95;0,210; 12,0;  4; 14; 15; 13;16%;44%;-9%;11; 0;2;18,20%;25%;14,30%; 4,8;118; 7,6; 4,8;298,1;624,4; 56,6;NA;116;146; 904;156;   26;   3;11,5
73;Savoie;  443787; 92837; 350950;21;79;5,7;7,9;49,8;  24;0,54;0,7; 0,3; 437; 9,8; 400; 9,0;  37; 0,8; 368; 4,0; 69;0,197;  9,3; -8;  2; 14; 16;3%;7%;-6%;200; 5;33;16,50%;18%;16%; 7,7;191; 7,4; 4,0;233,6;665,7; 67,3;NA; 94;121; 800;180;  285;  38;13,3
74;Haute-Savoie;  828417;143395; 685022;17;83;9,4;12,4;49,7;  88;1,06;1,2; 0,9; 771; 9,3; 628; 7,6; 143; 1,7; 678; 4,7; 93;0,136; 22,8;-14; 25; 26; 34;5%;19%;56%;1684;20;440;26,10%;28,50%;25,20%; 8,8;151; 5,2; 3,9;279,2;721,5; 82,3;NA; 91;109;1175;142; 2432; 526;21,6
75;Paris; 2204773;375235;1829538;17;83;14,4;20,3;26,1; 959;4,35;3,3;10,0;2893;13,1;1788; 8,1;1105; 5,0;2379; 6,3;514;0,281; 61,8; 16; 52; 85; 84;51%;293%;75%;8278;38;2 987;36,10%;35,80%;36,30%;32,3;248;68,6; 4,3;341,9;541,0; 82,2;11; 50; 86;5015;227;11795;3682;31,2
76;Seine-Maritime; 1275559;257063;1018496;21;79;3,5;5,1;55,5; 100;0,78;1,9; 1,0;1448;11,4;1324;10,4; 124; 1,0;1213; 4,7;235;0,231;  9,4;  4;  2; 13; 12;9%;22%;9%;1434;11;287;20%;18,20%;20,80%; 7,4;149;10,8; 5,4;237,6;637,9; 91,6;NA;101;157;1955;153; 2423; 366;15,1
77;Seine-et-Marne; 1420469;215063;1205406;15;85;9,4;13,4;49,1; 240;1,69;2,1; 2,5;1244; 8,8; 804; 5,7; 440; 3,1;1065; 5,0;179;0,148; 54,7; 44; 94; 56; 47;37%;70%;74%;2847;20;990;34,80%;35,50%;34,40%;11,8;100;28,1; 5,8;457,1;639,2;114,0;NA;114;151;1467;103; 5632;1477;26,2
78;Yvelines; 1463091;248630;1214461;17;83;10;13,8;37,3; 276;1,89;2,2; 2,9;1353; 9,2; 889; 6,1; 464; 3,2;1207; 4,9;146;0,120; 52,2; 25; 30; 45; 69;37%;125%;49%;2133;15;757;35,50%;38,20%;34,20%;12,5;122;32,7; 4,6;347,2;635,8; 78,3;NA; 87;114;1155; 79; 3212; 964;30,0
79;Deux-Sèvres;  384479; 89351; 295128;24;76;3,2;4,2;56,8;  10;0,26;0,6; 0,1; 417;10,8; 360; 9,4;  57; 1,5; 367; 4,1; 50;0,169; 15,8; 11; 34; -4; 21;16%;21%;7%;19; 0;3;15,80%;0%;23,10%; 3,1;138; 2,6; 4,5;202,5;714,2; 58,6;NA;141;158; 542;141;   26;   3;11,5
80;Somme;  582464;116022; 466442;20;80;2,4;3,7;57,1; 126;2,16;0,9; 1,3; 808;13,9; 641;11,0; 167; 2,9; 700; 6,0;108;0,232; 26,1;  6; 11; 56; 28;40%;9%;-4%;935;16;283;30,30%;34,40%;28,10%; 7,0;173; 6,9; 6,0;289;748,3; 63,5;NA;105;109;1114;191; 1760; 398;22,6
81;Tarn;  398412; 99381; 299031;26;74;3,7;6,3;51,6;  11;0,28;0,6; 0,1; 365; 9,2; 490;12,3;-125;-3,1; 331; 3,3; 34;0,114;-25,5;-21;-33;-26;-24;-22%;-15%;-43%;215; 5;13;6%;3,50%;7%; 4,2;151; 3,5; 4,1;319,8;803,8; 89,5;NA;116;122; 471;118;  590;  24; 4,1
82;Tarn-et-Garonne;  264130; 58824; 205306;22;78;6,1;8,6;55,1;   3;0,11;0,4; 0,0; 225; 8,5; 262; 9,9; -37;-1,4; 190; 3,2; 35;0,170;-14,1; -8; 11; -9;-24;-16%;4%;-10%;71; 3;6;8,50%;17,40%;4,20%; 4,4;135; 3,2; 4,7;306,7;758,0; 80,8;NA;107;114; 235; 89;  152;   7; 4,6
83;Var; 1075653;284691; 790962;27;73;5,1;7,6;51,8;  61;0,57;1,6; 0,6;1242;11,5;1158;10,8;  84; 0,8;1124; 3,9;118;0,149;  7,3;-15; -3; 15; 12;-8%;31%;18%;2290;21;298;13%;15,40%;11,80%;10,3;166; 6,1; 4,6;341,9;755,7; 91,5;NA; 80;100;1348;125; 5282; 364; 6,9
84;Vaucluse;  570762;126588; 444174;23;77;7,4;11,1;53,2;  22;0,39;0,8; 0,2; 643;11,3; 632;11,1;  11; 0,2; 566; 4,5; 77;0,173;  1,7; -5;-15;  3;  8;-1%;26%;-7%;1356;24;93;6,90%;9%;5,90%; 7,4;157; 4,1; 5,2;522,8;835,0;124,6;NA; 82;106; 879;154; 3190; 116; 3,6
85;Vendée;  693455;171033; 522422;25;75;1,5;2,4;58,7;  21;0,30;1,0; 0,2; 728;10,5; 672; 9,7;  56; 0,8; 646; 3,8; 82;0,157;  8,3; -5;  9; -5; 17;12%;-9%;11%;80; 1;8;10%;12,50%;8,90%; 3,3;124; 1,7; 4,2;135,4;726,8; 61,3;NA;141;158; 918;132;  122;   8; 6,6
86;Vienne;  447150; 99272; 347878;23;77;3,8;5;53,6;  21;0,47;0,7; 0,2; 513;11,5; 512;11,5;   1; 0,0; 455; 4,6; 58;0,167;  0,2;-15;  0; 30; -5;-1%;6%;2%;88; 2;15;17%;19,40%;15,80%; 8,0;163; 5,2; 4,4;153,2;641,6; 46,2;17;121;149; 852;191;  119;  19;16,0
87;Haute-Vienne;  381379; 94618; 286761;26;74;6;7,3;52,1;  11;0,29;0,6; 0,1; 456;12,0; 491;12,9; -35;-0,9; 404; 4,3; 52;0,181; -7,1; -7;-14;-11; -4;-8%;-3%;-12%;10; 0;2;20%;0%;25%; 6,8;194; 5,3; 5,0;201,3;668,1; 53,7;NA; 98;111; 790;207;   15;   2;13,3
88;Vosges;  378986; 91007; 287979;25;75;2,8;4,4;59,3; 168;4,43;0,6; 1,8; 722;19,1; 415;11,0; 307; 8,1; 661; 7,3; 61;0,212; 74,0; 27; 42;105; 80;88%;77%;32%;933;25;329;35,30%;35,30%;35,30%; 3,3;143; 2,8; 4,9;Nd;699,0; 67,9;NA;134;152; 700;185; 1154; 367;31,8
89;Yonne;  346902; 83508; 263394;25;75;4,6;6,9;58,1;  28;0,81;0,5; 0,3; 452;13,0; 471;13,6; -19;-0,5; 388; 4,6; 64;0,243; -4,0; 10;-21;  8; -7;0%;14%;-19%;192; 6;33;17,20%;16,40%;17,50%; 4,9;116; 5,4; 5,6;425,8;652,7; 88,7;NA;152;152; 686;198;  367;  52;14,2
90;Territoire de Belfort;  145640; 29072; 116568;21;79;6,1;9,4;53,7; 115;7,90;0,2; 1,2; 353;24,2; 252;17,3; 101; 6,9; 320;11,0; 33;0,283; 40,1; 22; 28; 92; 29;40%;-3%;95%;341;23;77;22,60%;14,30%;25,60%; 5,8;146; 9,1; 5,0;194,4;666,8; 52,9;NA; 99;114; 487;334;  505; 103;20,4
91;Essonne; 1310599;202353;1108246;15;85;11,7;15,8;44,3; 220;1,68;1,9; 2,3;1218; 9,3; 755; 5,8; 463; 3,5;1083; 5,4;135;0,122; 61,3; 25; 31; 99; 68;45%;159%;57%;3311;25;1 436;43,40%;49,70%;40,10%;13,4;114;29,5; 5,3;314,3;630,7; 79,2;NA; 98;136;1201; 92; 6532;1992;30,5
92;Hauts-de-Seine; 1625917;254099;1371818;16;84;12,3;18,1;31,2; 527;3,24;2,4; 5,5;2021;12,4;1014; 6,2;1007; 6,2;1761; 6,9;260;0,190; 99,3; 51; 60;130;115;61%;308%;136%;5534;34;2 020;36,50%;41,40%;34%;22,2;157;48,7; 4,7;277,9;560,4; 96,9;NA; 93;124;1718;106; 7667;2496;32,6
93;Seine-Saint-Denis; 1630133;200221;1429912;12;88;23,6;30;55,1; 527;3,23;2,4; 5,5;1603; 9,8; 795; 4,9; 808; 5,0;1366; 6,8;237;0,166;101,8; 63; 91;148;102;85%;250%;94%;3811;23;1 745;45,80%;49%;44%;26,5;115;52,7; 7,8;396,3;638,9;115,7;22; 76;104;1588; 97; 6056;2312;38,2
94;Val-de-Marne; 1397035;214683;1182352;15;85;15,1;21;42,6; 570;4,08;2,1; 5,9;1773;12,7; 995; 7,1; 778; 5,6;1496; 7,0;277;0,234; 78,2; 46; 95; 86; 83;64%;180%;87%;3176;23;1 206;38%;40%;36,80%;20,7;133;48,9; 5,5;398,3;620,5;103,4;NA; 74;109;2133;153; 5126;1583;30,9
95;Val-d'Oise; 1239262;175453;1063809;14;86;13,3;19,2;47,8; 385;3,11;1,8; 4,0;1344;10,8; 790; 6,4; 554; 4,5;1159; 6,6;185;0,174; 70,1; 35;110; 66; 73;68%;163%;41%;3360;27;1 435;42,70%;48%;39,40%;15,6;111;37,1; 6,4;334,5;653,3;119,4;NA; 98;138;1524;123; 4760;1740;36,6
971;Guadeloupe;  396153; 77608; 318545;21;79;nd;nd;52,7;  10;0,25;0,6; 0,1; 360; 9,1; 357; 9,0;   3; 0,1; 285; 3,7; 75;0,235;  0,8; -5; 16; -9;  5;-8%;125%;-3%;25; 1;12;48%;75%;42,90%;10,5;147; 6,8; 9,2;1088,9;487,1; 48,6;NA; 39; 48; 372; 94;   31;  13;41,9
972;Martinique;  377711; 81814; 295897;23;77;nd;nd;54,7;   6;0,16;0,6; 0,1; 346; 9,2; 384;10,2; -38;-1,0; 292; 3,6; 54;0,182; -9,9;  2; -6;-18;-11;-28%;-25%;-1%;15; 0;4;26,70%;22,20%;33,30%;11,0;141; 9,1; 7,7;706,2;529,3; 37,0;NA; 44; 54; 603;160;   20;   5;25,0
973;Guyane;  271124; 18004; 253120; 6;94;nd;nd;44,0;   0;0,00;0,4; 0,0;  84; 3,1; 120; 4,4; -36;-1,3;  41; 2,3; 43;0,170;-30,0;-23;-69;  0;-26;-49%;-33%;-33%;18; 1;3;16,70%;14,30%;18,20%;37,2;131; 3,0; 7,8;893,2;679,4; 57,0;NA; 46; 75; 293;108;   29;   3;10,3
974;La Réunion;  863063;112445; 750618;13;87;nd;nd;56,7;   0;0,00;1,3; 0,0; 489; 5,7; 516; 6,0; -27;-0,3; 347; 3,1;142;0,189; -5,2; -7;-12; -3;  0;-11%;-25%;12%;4; 0;0;0%;0%;0%;13,6;165; 6,5;10,1;586,4;652,9; 79,3;NA; 37; 44;1126;130;    6;   0; 0,0
NA;NA;67761092;NA;NA;NA;NA;NA;NA;NA;9585;NA;NA;NA;NA;NA;NA;NA;NA;NA;NA;NA;NA;NA;NA;NA;NA;NA;NA;NA;NA;NA;NA;NA;NA;NA;NA;NA;NA;NA;NA;NA;NA;NA;NA;NA;NA;NA;NA;NA;NA;NA;NA
